in_crval1:	0
in_crval2:	0
in_crpix1:	500
in_crpix2:	500
in_cd1_1:	-0.000027778
in_cd1_2:	0
in_cd2_1:	0
in_cd2_2:	0.000027778
out_size_1:	500
out_size_2:	500
out_crval1:	0
out_crval2:	0
out_crpix1:	250
out_crpix2:	250
out_cd1_1:	-0.00004
out_cd1_2:	-0.00004
out_cd2_1:	-0.00004
out_cd2_2:	0.00004
