in_crval1:	0
in_crval2:	0
in_crpix1:	1024
in_crpix2:	512
in_cd1_1:	-0.17828125
in_cd1_2:	0
in_cd2_1:	0
in_cd2_2:	0.17828125
in_epoch:	GALACTIC
out_size_1:	1024
out_size_2:	512
out_crval1:	266.405067
out_crval2:	-28.936162
out_crpix1:	512
out_crpix2:	256
out_cd1_1:	-0.3515625
out_cd1_2:	0
out_cd2_1:	0
out_cd2_2:	0.3515625
out_epoch:	J2000